# sample XS filterEff kfactor totalXS

# W hadronic + jets (Pythia)
304623  23.146          1.0         1.0     23.146
304624  1.4823          1.0         1.0     1.4823
304625  0.27757         1.0         1.0     0.27757
304626  0.035315        1.0         1.0     0.035315
304627  0.0038008       1.0         1.0     0.0038008

# Z hadronic + jets (Pythia)
304628  10.455          1.0         1.0     10.455
304629  0.67488         1.0         1.0     0.67488
304630  0.12507         1.0         1.0     0.12507
304631  0.015797        1.0         1.0     0.015797
304632  0.001705        1.0         1.0     0.001705

# Multi jet (Sherpa)
426131  20595000000.0   0.08573     1.0     1765609350.0
426132  107290000.0     0.1417      1.0     15202993.0
426133  13075000.0      0.018538    1.0     242384.35
426134  96076.0         0.027758    1.0     2666.877608
426135  2725.0          0.018391    1.0     50.115475
426136  208.62          0.008691    1.0     1.81301211
426137  43.733          0.003086    1.0     0.134955665
426138  0.33372         0.014505    1.0     0.004840609
426139  0.058952        0.003067    1.0     0.000180782
426140  0.0055732       0.000948    1.0     5.283e-06
426141  0.00012593      0.000705    1.0     8.9e-08
426142  1.1029e-06      0.000463    1.0     1e-09
